0.0,69.0,46.0,47.0,44.0,93.0,73.0,34.0,95.0,27.0
69.0,0.0,32.0,99.0,55.0,93.0,26.0,86.0,93.0,90.0
46.0,32.0,0.0,60.0,39.0,10.0,6.0,34.0,79.0,80.0
47.0,99.0,60.0,0.0,75.0,27.0,97.0,68.0,92.0,23.0
44.0,55.0,39.0,75.0,0.0,72.0,27.0,18.0,60.0,91.0
93.0,93.0,10.0,27.0,72.0,0.0,87.0,34.0,57.0,40.0
73.0,26.0,6.0,97.0,27.0,87.0,0.0,49.0,75.0,93.0
34.0,86.0,34.0,68.0,18.0,34.0,49.0,0.0,8.0,95.0
95.0,93.0,79.0,92.0,60.0,57.0,75.0,8.0,0.0,9.0
27.0,90.0,80.0,23.0,91.0,40.0,93.0,95.0,9.0,0.0
